        14      shear     bulk
         0.00      3666    183300
      1221.50      3666    183300
      1221.50 999999999 999999999
      3480.00 999999999 999999999
      3480.00       300     15210
      5719.85       300     15210
      5719.85       231     15210
      6171.00       231     15210
      6171.00       160     13180
      6301.00       160     13180
      6301.00      1400     15210
      6365.78      1400     15210
      6365.78 999999999 999999999
      6371.00 999999999 999999999
