        14      shear     bulk
         0.00      3666    183300
      1221.50      3666    183300
      1221.50 999999999 999999999
      3480.00 999999999 999999999
      3480.00        80     15210
      5719.85        80     15210
      5719.85        53     15210
      6171.00        53     15210
      6171.00        38     13180
      6301.00        38     13180
      6301.00        80     15210
      6365.78        80     15210
      6365.78        80 999999999
      6371.00        80 999999999
