        14      shear     bulk
         0.00      3666    183300
      1221.50      3666    183300
      1221.50 999999999 999999999
      3480.00 999999999 999999999
      3480.00        56     15210
      5719.85        56     15210
      5719.85        37     15210
      6171.00        37     15210
      6171.00        27     13180
      6301.00        27     13180
      6301.00      1400     15210
      6365.78      1400     15210
      6365.78 999999999 999999999
      6371.00 999999999 999999999
